positive\1667497665.570095.jpg 1 319 83 53 17
positive\1667497681.9821959.jpg 1 308 79 48 18
positive\1667497694.2724123.jpg 1 309 117 45 16
positive\1667497699.2132208.jpg 1 302 76 45 14
positive\1667497708.8204951.jpg 1 326 100 43 17
positive\1667497717.202131.jpg 1 313 107 44 15
positive\1667497729.1339962.jpg 1 323 91 43 16
positive\1667497734.863771.jpg 1 316 91 39 16
positive\1667497740.8276377.jpg 1 294 142 41 15
positive\1667497743.4754777.jpg 1 508 175 39 18
positive\1667497749.920303.jpg 1 106 134 42 17
positive\1667497752.5849388.jpg 1 259 33 41 16
positive\1667497756.0186458.jpg 1 347 242 44 17
positive\1667497758.7751818.jpg 1 294 113 44 16
positive\1667497762.4634933.jpg 1 294 29 43 16
positive\1667497769.8328454.jpg 1 322 21 39 15
positive\1667497772.5402606.jpg 1 320 196 42 16
positive\1667497775.7331443.jpg 1 98 239 45 16
positive\1667497783.3894799.jpg 1 356 182 43 17
positive\1667497785.8521006.jpg 1 181 67 44 18
positive\1667497788.2516232.jpg 1 460 75 42 20
positive\1667497794.1610773.jpg 1 535 119 38 19
positive\1667497798.2546914.jpg 1 335 41 38 18
positive\1667497801.3108504.jpg 1 300 220 41 19
positive\1667497808.6061518.jpg 1 189 119 40 19
positive\1667497813.1729367.jpg 1 337 60 43 15
positive\1667497818.6971655.jpg 1 275 154 41 16
positive\1667497824.490238.jpg 1 341 155 43 18
positive\1667497833.5210485.jpg 1 453 128 46 18
positive\1667497840.6802835.jpg 1 336 125 45 18
positive\1667497847.2385218.jpg 1 350 149 44 15
positive\1667497855.4312587.jpg 1 365 122 42 17
positive\1667497861.7266583.jpg 1 342 153 42 16
positive\1667497868.8688366.jpg 1 322 143 43 17
positive\1667497871.646578.jpg 1 481 71 44 15
positive\1667497874.8009398.jpg 1 166 263 46 17
positive\1667497878.4511745.jpg 1 268 65 47 18
positive\1667497882.677369.jpg 1 474 110 40 16
positive\1667497885.47522.jpg 1 291 242 44 18
positive\1667497888.7429733.jpg 1 182 75 41 17
positive\1667497893.8671145.jpg 1 421 239 43 18
positive\1667497896.397302.jpg 1 411 54 43 16
positive\1667497905.8266535.jpg 1 320 136 45 16
positive\1667497915.0178668.jpg 1 300 174 44 17
positive\1667497920.3214157.jpg 1 304 50 72 23
positive\1667497925.6061387.jpg 1 273 43 66 24
positive\1667497931.766636.jpg 1 369 34 66 27
positive\1667497936.9284334.jpg 1 114 47 60 21
positive\1667497941.9613783.jpg 1 122 59 60 24
positive\1667497948.389549.jpg 1 370 44 67 23
